$ANSIBLE_VAULT;1.1;AES256
31636139353262643565313766326261363133643466633833643534363237336634313430363237
3133313465366363326466333337363465613038323037310a396465656332613561643163346635
31323337636364366133383935623334313735393238343032336436646236633739646535383135
6665626339333363640a303338373930363366653862646335343532633665626633363734306332
31663735343938653661376466656363633133376365633363613437623761356135353837666163
62313633323038313065616563376238626433323765373032636231643561396439373131616131
33666465636139316363343831376264656333653439613230626336306364643631646161346231
62396535333666633233373764616262386236653163313136616337373035316338616661333334
38633261323166396539666464616663386362396139663861316531623239316433343531633437
64343666346535366539383736383966646530383434323165636535663566353963356563393535
31363061623266633630366637656636666239613464666331313637626261356363616437363334
33646366336332353231303437656639316166313434346265656461326666643436316537326162
64643036613931326463323839623761653637346664393230616461613461343162613662383064
39333530373636666639353265626634386132363562633330353733633235386433666261363165
31323364373163663061633664316162393363653935343837393364383436323463633866356435
34386432663666613565663261316366626337373432626630653837663765303537633038623466
63663834303438333537663738386661356163363263653261663033376364653339333664333739
36613437616536633565366533316266376435633039643666613733383532393566623738646364
33363537386566663835373433326139363033376539323933396633623239313132383733366230
39643066336235643762333666613234303265626261643263653539343033303936313532613138
65623065316561363431373432626433633366336562376132323033353631653336306633363035
65316139663862326132613566393263386536326437623537336562656339383162336664336334
62323933643463626632653035383534646231303863363835323230366463323336336364653334
36313930313161336334326330363964313930396131306534626134373963646566623863376337
34663566613136663832656530383530616365646663356638656334373963656539646633356230
33353133626433363762313533306565396561643837386262346432656363666436306136643739
35376331653635303137613762626533653563336337336465363464616365376466366430643562
62316233373162663936376661316230393331663235613333616534333836636132623332303563
66383335633432653633613031643232316430613161623531653631363334616637383635386666
65633561303539626533616238633134343931353239626565383935646534386164666339333966
35306266626530333966336237303163636666386631373636303863363262633739346163303461
63396238306436613330316135626462666464336666626166333830336561356639313731323266
63336264366337626138646132633039356333306330623865393762616366353033396338353935
35666364353739383831363465613562333937616161656537373839663162373932636366363833
37386633323264376334323962613436653761306339633930383537363035393030623432373430
33656264313464313032646335313931633666333064383665396638303038613936303030646663
61663031333530386636303232393261393262663133396431346131643030656563356233646366
37316531666233326362343535373537313133323731613933353237376635393664323430393636
34613264646261643136613836343261613030373332633633373639306339653631326434646563
61353630343837643836643839633637646234636566353933363862643634396539336234346564
35316535326230353661346565303536613364643334613936373431373162323737653332323232
34393063626563366362343036633762663639313062323062313132663836313735643734666665
62363061616165323566373634613734636436326232323834623365616337666639663437656136
31653365326232616364653366303331306463613333633265633566656434633437343931396334
34346333386261316265663538663730663631316137303030616635626462636430313065653539
38663831383063353463616538333930346435613731326539336238323962366131376131316465
61363837396530343539353862303733306465383831616134366337333264333461623565626330
36656135393036336632303262343737623134336164663162376339353034333739636134373265
33346632653964323532343534373065353661366535336136363934383232366436343130386265
33656363316534636261646436313238376566353635393261363936383038353465613738366464
66386437356636303966613633646562643339373466366264633535376334623438653438353138
34316337313261663164343939623430646137613664633135636533333764363763663531386530
62633238636233633232623931343839336538313633303933616437613336653131373439316263
63316436373238386435353631393233666464323866393064343261633636393835316234613533
64646261393038613665653261393162623065646464376535303832393538386364656562336164
37386435313864663433353166356136626633646138396564303436343164393137666531643565
34323762623866363033646666646231393863343534613437343364356533396237643164623763
64386266363265393339623939636361376363373166393030376364653333383836386632316135
63633165626663376337373666323835333238623962373765366165313634386566306433353131
38623437623631396333636139386463356235376230386437666239383766353939616163653564
32313762343530306237626163353738643339386337336434323935303736393332323064626538
35646563633961356237393466353061396133656461396331313933303037666561636435393431
32353966346663656535653632303331306430386238326237636333663366353730323034316531
66623939653662316231346538386333333838626533653332646663646136363332386236316632
34346235343362653437396130653933353061396235376164633637313461643661383538376438
61303134366630326566393337313233356136313435633161306366643932626463376563336536
39373866636337306536306665313539363733643632383730386638633038356138393966396230
31383539353435366432643762653166303231366264323233636561326439373265393337636135
30373239393832653535646537363438343666663862353937346665663965633766666233313531
62383338333235323933373334306234323130313738646639323338303862633931633565326565
39343565386662376237373663376262646339303865346666616432353034303039633066666263
30323838313764643964373838643465306133653032623538616330346335653539616161333066
37313063303630323230353437306161663039666263393662303337353332623862636636386264
32656264613234626232663336663036633364343262316264343730373063323334363934393631
38316462396564363236653435363462323036623331363932653333396233353762396638616462
32313763616562373766666136336338643164656330393239646233303537306331623931366539
37383533613266343530363036623663383438386238653038646235393932363038366331393164
63656237363231393033653439353231353339626561353034663439373639303361643536663034
30663365636634306261303964373931373130333234386162346662373362613964653232376534
63326531353439303866383336373735393731383739303831333566373134323864333438316334
36343530343730303763663734643933626636636334373733336630653336656433356164663330
38313238363732643864656432313861376366633335646239666362326136653965656236333936
36373936616366633532383363373034323235393764353064623536393338333331393338623037
63353736353738343931333731643137613931333533393963383537316331326464373836653961
64326434643164356235356266343835303665633138333064623339363466333563626532376665
64336165356435373962366564666466663065313236343037653765313637313363313266313934
66353233316430366263643262303138333163313832333339643430633565303362353861393364
38356130656339646339623239366434393638326231646232333531653564623037373037393133
62373230383132333734343634353336313261303135346637616331616438663061373539366431
65356537613937643963393536386536636239663937376164363464613939356264343263643961
31613561343332343438643233333739623961313134336666386165366462646433353762363639
33323934653165386363646433343230303231386132663231376664393564306661353034313233
61623566376337666236653663333832386265333663373862373164663031363462666465363535
32653461653163323937353931646236343635393861343566396330336266316631323734356436
32666462636130333861376266333161616431393964396639353132623130306664303561386538
62386663353035396666613064626136636133616362356431323936393530626432666531353865
32386164323836356462623766633534666334623464336632646236663532363237363465623465
65623563323864633936366231623563366361356537306430623534656461666534376334333661
64663432376230323933363937353935666235623730313163613930306235613561393163623066
65643633613934333138663863653935643439633631396330633564303332626133383531626264
64313239366666626639326135323038306664333731643334623732366336616266663563383931
34653037386535383338613465346537633635663730343335613562653835633134356537313330
65333065363236303031303362623566343862313562373962396431313361323364376433666532
36653962623061643931393237316161383564336135386663653031636366616435333764643261
62666438383964353632363231396539333936663961636238626633303532643961373331366164
34643464353564373134666263343364636337303264613961646663333061326466316538373038
31386438373230626134333861663565393336646661376565386138353439376235666565353133
61363666623632386265656261336462666339316331343432626264393333333464323163323132
32663738353035626339346538653266356331323865643132653261343966393162333830313064
62663861316466313138303864396131333362646137323833383833326665353435626539326163
38333934333062346532643439393237393639303631373766363330656533346437333363326630
33636530653866356166313362623731396635336139663333303330646363356636663932343337
32643930343132656435333864663962313636303339326135626533356537663939306664643763
35316466373830613738653765313235346236363130326639663666393638633666363738616231
32333930636432323662353662633165346261393861666436643238323536303166613535303036
61636333376265616633306163386635343035313639356536663433653335653135396533363264
31373939316433383234646335326464393633396561353639376332313066643363373862636131
34643864656332663063346337326437653837303939333439623531643333636138633334666334
34386433663133323331316138666239353761633736316435373236626664353734373036666661
62613763656338313238613136333630313439643832643732343136323166323664303264353635
34343333326630623963396264636439316464613165643365316335366637663863656237386662
66626434353531643536356338343863643666386161663632616132336438643035363138303766
64336362643836613565396431313535323234656337623430323238313336663532316565323732
33373636633030323332643030633136616232386639633735373664346464383065363030353137
31393166306563666136376666326462346566656262303137636132666332613738333333616562
66333734616137373864386337373664303330653737653862633035666537363561653431353230
38303434663438633539333537626265333533656135306466626462303864303632356134313633
62656532656561623031386434353466373965336566316263666466366466623963356164653935
39353764646536396438633466646463653138396663336436376539653937303538313837366334
61643332633830666135643963353636313961366231646566626439366434633964393438366136
62323038316565353631383434613332636362393232633833646637366530653035386562356537
34356335313335393635333739366162303939363933393831383136306462316230323638666434
39373865393866633035643830346138663838313366643330363535613132346231353366353630
31616437623131313336656539303734636161373130366230346231663139666533396461656138
61613533646633336430623332343932346138323663366465323130663034613331656362366133
38393661626464633866666136666131316465623832323836363331623839303463646466306231
65656537306265316234346538393232636234313930353936633034313137363434333161326436
65626661663765636634303263383135356533393763306336633933643361383763666338613261
66616539303835626165343334326231343462633733343665666338323131643233373463396166
34343765373466353461616131346430303366643565626339313663323266646266323263363631
38356361623631376532623366323262663838376434666562373331303337333362343035646630
61346138316535393065613937356661383739356161306161376634646665653364626532633738
36363763653863353237333838363735663363643166303963386339396462383738303032336662
35653231306636643063303735373963363836643631366434383535306433653738313663383763
63353937613239653438653130383061343731366538363135623038343164623464626133616265
31306632396433353161616261323337636230303563386637633161336264343761333166303837
36393665623639363066656333353335623638626138336433326339626566383266653664373136
38336264396238633866383633343436326339643563663732386433306565643761313538323466
32636434366539656133656530373366666162316234343066323839643731316266626461343466
35393338306662396337333965343665373839656462323433303736626537373165393661356533
33353666626237616466643133646438346166663337636263643532333261373933626261356166
38656662336336653363616463323766393137366563303864396635656164323066626232356238
66383066656263663230633235656232353531363263313933343933383163356130643931383666
66336435633139643566303338316333343339613837666533373730333566363762336137303138
66373933623765656138303362363462393165626536633032613837363939326266646337393639
35313866646531323839376335306330303133616434303532643061363331303736363561646330
63353262613966666664313666363335393461336566353037666335333639386637626238376461
36386133663966643431333238633737656165396530383366653331303637343437633361626264
64656538663038616631373534333031636232633963386366623862383364303234326566303166
32376565393366633130616666613131373431653864646438616535366137376531666338323338
37313161366362353964643034313362323838613432363632366334646235373664613035633662
65306336326363386139623830323437313561343931393734613731393031303965613366383934
61366234663834656234383361613939386138363638313233336662383362313437313434666236
37643534666333666266383762636666633966363036356135613830646631333639363061656264
64363930393466316631646463613438383735653566393564393832623063663831366561613965
65326230393364343335326434336163323537386237356662653837653139653862343963356331
62376335323238333437333931363630376132303661646266336430383165666638396635333538
37653332333165393738613961383864336663303662373035336564393235626335326136393762
61623433626431613138656263373861343761306363656166356136336638616264303737326137
30336665613963366430303839343261373164626336666133373735376539326239393265633133
35313530643062623337366336646461636531333265376466303261396131346334373636366131
62393234393663313138666536613631336533626364666364353637363434333266333738393330
6337
